34
11
23
15
20
34
35
26
12
23
26
21
15
05
24
26
24
34
24
28
05
21
03
15
14
34
31
24
12
01
25
18
17
14
23
00
30
36
15
33
20
16
35
26
08
08
26
12
09
34
28
26
31
28
00
16
05
15
20
30
15
18
16
20
03
23
31
26
02
07
09
09
25
24
20
23
06
26
21
13
11
09
33
12
13
17
21
26
12
21
15
18
04
08
05
26
12
24
02
19
08
18
15
25
19
18
25
32
22
13
13
04
34
15
07
16
14
11
06
14
35
09
10
16
05
15
26
17
15
00
26
35
12
18
03
00
35
20
15
15
32
08
08
09
25
21
19
08
34
11
23
15
20
34
35
26
12
23
26
21
15
05
24
26
24
34
24
28
05
21
03
15
14
34
31
24
12
01
25
18
17
14
23
00
30
36
15
33
20
16
35
26
08
08
26
12
09
34
28
26
31
28
00
16
05
15
20
30
15
18
16
20
03
23
31
26
02
07
09
09
25
24
20
23
06
26
21
13
11
09
33
12
13
17
21
26
12
21
15
18
04
08
05
26
12
24
02
19
08
18
15
25
19
18
25
32
22
13
13
04
34
15
07
16
14
11
06
14
35
09
10
16
05
15
26
17
15
00
26
35
12
18
03
00
35
20
15
15
32
08
08
09
25
21
19
08
